[Threshold]
MinGray=0
MaxGray=100
[Circle Area]
MinCirleArea=100000.000000
MaxCirleArea=280000.000000
[Circle Roundness]
MinRoundness=0.600000
MaxRoundness=1.000000

[Oblong Threshold]
MinGray=0
MaxGray=90
[Oblong Area]
MinArea=150000.000000
MaxArea=300000.000000
[Oblong Roundness]
MinRoundness=0.700000
MaxRoundness=1.000000


[Rectangle Threshold]
MinGray=100
MaxGray=255
[Rectangle Area]
MinArea=160000.000000
MaxArea=320000.000000
[Rectangle Rectangularity]
MinRectangularity=0.300000
MaxRectangularity=1.000000

[Line Threshold]
MinGray=0
MaxGray=100
[Line Area]
MinArea=160000.000000
MaxArea=32000000.000000
[Line Rectangularity]
MinRectangularity=0.300000
MaxRectangularity=1.000000
